Beam50,Beam
227086.9,121686.5
227091.8,121690.1
227078.8,121684.6
227060,121671.2
227066.9,121683.3
227096.5,121688.7
227092.4,121694.7
227086.6,121683.4
227078.1,121680.2
227073.4,121677.1
227064.8,121677.4
227057.3,121680.7
227067.3,121678.3
227072.3,121688.2
227062.4,121685.5
227065.9,121683.4
227073,121689.1
227068.3,121679.7
227074.6,121682.1
227075.8,121675.4
227077.8,121687.5
227063.1,121673.2
227088,121685.1
227089.4,121683.8
227082.1,121678.6
227078.8,121672.4
227064.5,121685.3
227073,121685.8
227062.4,121672.9
227076.8,121684.6
227079.8,121681.8
227056.6,121672
227075.4,121684.4
227077.4,121678.5
227072.3,121674.8
227064.5,121677.3
227071.6,121684.8
227070.6,121688.4
227053.9,121680
227049.5,121689.8
227045,121684.9
227048.5,121684.1
227043,121681.1
227050.9,121686
227050.5,121697.4
227037.3,121691.9
227040.6,121688.9
227060.8,121692.1
227054.6,121689.8
227033.1,121671.5
227049.9,121684.1
227045.8,121674.9
227038.6,121672.2
227030.8,121660.6
227059,121665.9
227024.6,121670.8
227019.5,121666.9
227037.9,121679.9
227027,121677.4
227018.1,121671.8
227021.5,121661.3
227023.3,121663.5
227009.3,121664.2
227002.1,121665.2
227012.4,121657.4
227006.3,121660.3
226999.1,121664
227000.4,121671.5
227001.5,121681.6
227003.5,121678.3
226985.8,121663.3
227018.9,121660.9
227031.8,121652.6
227003.9,121656.2
227003.1,121655.3
227011,121660.8
226996.8,121665.9
226972.5,121658.1
226991.6,121666.1
226986.8,121659.1
227010,121658.6
227007.3,121663.5
226993.6,121664
226986.8,121666.1
226994,121659.4
226993.3,121655.7
226994.3,121656.2
226992.3,121648.9
226996.4,121651.8
226994,121650.3
226977.6,121652.3
226968.8,121654.3
226997.4,121672.4
226979.4,121656.7
226981,121650.6
226993.3,121656.3
226980,121652.6
226993.6,121654.1
226977.6,121652.1
226986.8,121650.9
226970.1,121647
226953.4,121643.3
226967.8,121651.6
226973.9,121650.1
226960.6,121649.9
226945.6,121646.5
226974.5,121645.6
226956.1,121648.7
226958.9,121645.1
226947,121645.6
226935,121640
226923.8,121637.8
226927.9,121632.3
226935.8,121636.3
226921.8,121629.3
226918,121633.9
226929.6,121621.6
226925.5,121626.9
226936.4,121622.1
226914.3,121620.8
226928.6,121629.4
226933.6,121626.6
226918.4,121631.6
226921.1,121630.1
226928.6,121637.3
226929.3,121638.4
226911.9,121635.3
226910.5,121627.9
226916.6,121632.9
226934.4,121638.4
226908.1,121642.2
226928.9,121636.3
226929.9,121634.2
226933.4,121634.1
226924.5,121631.3
226933.4,121634.6
226943.9,121633.9
226897.3,121629.8
226920.4,121634.7
226917.4,121643.6
226902.6,121631.1
226898.6,121638.1
226918,121627.9
226891.8,121624.7
226913.3,121627.3
226919.8,121637.6
226916,121645.9
226899.3,121642.6
226881.5,121635.6
226875.1,121628.6
226888,121634.6
226885,121635.6
226898.6,121626.9
254530.3,130108.3
733344,279616.5
1462050,509982.5
1969268,671959.5
2250542,762576.5
2390314,807978
2454736,829038.5
2482506,838177.5
2499876,843768.5
2722242,912570
3264608,1081707
3799500,1250207
4181604,1371812
4417612,1447626
4552380,1491241
4625868,1515194
4664920,1527992
4685420,1534769
4696088,1538314
4701732,1540157
4704772,1541221
4706596,1541819
4707684,1542181
4708480,1542422
4709160,1542608
4709880,1542788
4710572,1543011
4711200,1543263
4711716,1543426
4712052,1543544
4712448,1543634
4712876,1543708
4713248,1543838
4713656,1543958
4714024,1544095
4714240,1544183
4714412,1544194
4714560,1544266
4714892,1544365
4715092,1544432
4715308,1544544
4715548,1544630
4715824,1544667
4715936,1544693
4716048,1544741
4716084,1544725
4716328,1544789
4716576,1544883
4716632,1544955
4716712,1545019
4716888,1545059
4717028,1545072
4717092,1545114
4717228,1545142
4717400,1545174
4717448,1545209
4717596,1545258
4717800,1545338
4717968,1545416
4718012,1545413
4718112,1545380
4718104,1545383
4718344,1545498
4718416,1545568
4718532,1545602
4718572,1545589
4718752,1545691
4718908,1545708
4719092,1545737
4719212,1545748
4719300,1545823
4719544,1545939
4719776,1546006
4719964,1546036
4720028,1546057
4720072,1546060
4720176,1546118
4720224,1546160
4720280,1546125
4720228,1546089
4720248,1546110
4720364,1546172
4720520,1546219
4720616,1546227
4720664,1546258
4720812,1546314
4720948,1546380
4721200,1546430
4721284,1546448
4721276,1546467
4721344,1546473
4721548,1546522
4721624,1546550
4721664,1546572
4721848,1546622
4721840,1546606
4721984,1546646
4722072,1546701
4722292,1546778
4722396,1546829
4722436,1546864
4722500,1546832
4722700,1546849
4722900,1546894
4722960,1546929
4723004,1546948
4723012,1546927
4723016,1546933
4723216,1547042
4723392,1547118
4723660,1547164
4723792,1547193
4723868,1547213
4723836,1547213
4723888,1547211
4723924,1547208
4723960,1547248
4723992,1547267
4724200,1547359
4724324,1547376
4724444,1547380
4724584,1547417
4724748,1547463
4724848,1547491
4724892,1547555
4725084,1547606
4725328,1547632
4725340,1547641
4725356,1547591
4725556,1547632
4725552,1547686
4725704,1547738
4725644,1547734
4725660,1547759
4725780,1547810
4725844,1547840
4725968,1547854
4726040,1547881
4726084,1547916
4726128,1547918
4726160,1547945
4726200,1547928
4726432,1548007
4726740,1548102
4726896,1548158
4726960,1548146
4727148,1548161
4727312,1548200
4727348,1548239
4727476,1548292
4727632,1548357
4727772,1548358
4727796,1548374
4727936,1548412
4728216,1548524
4728384,1548573
4728496,1548575
4728644,1548618
4728668,1548638
4728756,1548636
4728796,1548655
4728832,1548653
4728968,1548677
4728864,1548652
4728896,1548685
4728948,1548707
4729132,1548749
4729192,1548775
4729064,1548729
4729172,1548741
4729256,1548764
4729444,1548824
4729636,1548876
4729832,1548971
4729936,1549007
4730024,1548995
4730076,1549032
4730268,1549042
4730516,1549125
4730536,1549140
4730500,1549167
4730636,1549202
4730632,1549209
4730700,1549217
4730692,1549228
4730708,1549236
4730872,1549252
4731036,1549281
4731172,1549340
4731352,1549361
4731312,1549363
4731368,1549358
4731476,1549403
4731612,1549458
4731828,1549521
4731912,1549550
4732004,1549537
4732108,1549613
4732268,1549646
4732340,1549650
4732416,1549700
4732380,1549729
4732456,1549747
4732564,1549787
4732696,1549792
4732732,1549802
4732728,1549798
4732820,1549777
4732928,1549813
4732988,1549852
4733104,1549895
4733240,1549958
4733284,1549988
4733380,1550019
4733380,1550015
4733196,1549962
4733284,1549967
4733344,1549979
4733304,1549974
4733348,1549936
4733508,1550023
4733596,1550059
4733632,1550059
4733656,1550071
4733704,1550100
4733776,1550091
4733852,1550094
4733952,1550133
4733924,1550124
4733888,1550111
4733948,1550129
4734232,1550210
4734348,1550276
4734300,1550289
4734392,1550308
4734504,1550294
4734624,1550297
4734704,1550350
4734696,1550381
4734800,1550403
4734960,1550402
4735056,1550470
4735208,1550493
4735320,1550488
4735412,1550527
4735464,1550559
4735568,1550629
4735732,1550669
4735836,1550641
4735864,1550692
4735908,1550731
4735868,1550739
4736032,1550728
4736032,1550739
4736044,1550770
4736132,1550812
4736328,1550875
4736448,1550903
4736492,1550928
4736524,1550884
4736620,1550889
4736712,1550916
4736856,1550960
4736980,1550947
4736912,1550901
4736832,1550877
4737040,1550951
4737296,1551022
4737396,1551086
4737412,1551119
4737508,1551168
4737588,1551225
4737704,1551228
4737784,1551218
4737868,1551241
4737952,1551264
4738052,1551237
4738044,1551220
4737912,1551217
4737872,1551243
4738052,1551278
4738096,1551281
4738168,1551290
4738332,1551294
4738368,1551306
4738404,1551350
4738432,1551370
4738512,1551398
4738548,1551407
4735504,1550508
4574828,1500930
3960050,1309416
3332546,1111564
2921102,980427.5
2691500,906548.5
2573364,868230.5
2515946,849448.5
2489370,840676.5
2474824,835910.5
2216686,755822.5
1574145,553964
1012111,375507.3
650489.5,259638.6
445025.5,193253.6
335869.8,157703.9
280233.5,139433.8
252627.8,130298.2
239207.1,125824.4
232802.1,123664.2
229713.3,122628.1
228278,122141.4
227611.8,121917.8
227279,121794.6
227108.4,121731.6
227018.9,121701.1
226974.9,121679.3
226950.8,121686.7
226933,121672.5
226919.8,121665
226924.1,121654.8
226909.9,121645.1
226897.3,121640.5
226887.8,121645.4
226859.4,121640
226857.8,121631
226827,121621.9
226826,121629.8
226831.5,121634.2
226813.5,121625.5
226819.9,121631.8
226823,121623.5
226802.3,121615.1
226785.1,121627.6
226783.5,121618.7
226798.5,121613.4
226795.4,121614.6
226790.3,121618.6
226796.8,121615.8
226772.9,121611.1
226761.4,121603.2
226753.9,121608.2
226748.4,121602.9
226741.6,121598.1
226740.3,121599.8
226758.3,121604.3
226749.1,121587.9
226738.1,121588.8
226726.6,121589.8
226740.5,121593
226747.4,121591.3
226737.9,121592.1
226749.1,121597.1
226734.8,121591.1
226695.3,121589.4
226687.8,121609.4
226682.6,121592.8
226699.6,121581.3
226704.1,121582.3
226688.1,121568.6
226689.1,121575.3
226677.9,121578.2
226677.3,121570.7
226656.1,121558.3
226678.9,121568.4
226690.1,121576.6
226696.3,121583.4
226673.1,121574.3
226664.6,121568.8
226669.8,121571.6
226660.1,121570.5
226654.4,121563.9
226652.8,121568.3
226676.1,121564.8
226656.1,121566.9
226656.8,121569.5
226668.4,121573.4
226656.8,121565.3
226634,121555
226640.4,121560.3
226634.3,121564.8
226625.8,121558.3
226628.5,121554
226632.9,121556.4
226627.9,121548.6
226619,121548.2
226613.1,121545.1
226622.4,121560.8
226596.5,121550.6
226609.4,121554.5
226620,121555.4
226631.3,121546.7
226609.4,121547.4
226618.6,121549.4
226621,121548.9
226620.4,121550.8
226613.5,121550.1
226613.1,121542.1
226603,121542.4
226600.6,121535.1
226610.8,121541.4
226611.8,121544.1
226594.8,121551.3
226581.1,121547.7
226596.5,121548.2
226606.4,121546.9
226592,121541.8
226589,121539.9
226578.8,121537.6
226594.5,121532
226595.5,121545.6
226582.1,121543.1
226589.6,121536.6
226564.5,121536.1
226565.1,121536.9
226570.9,121541.1
226570.3,121530.1
226574.6,121535.6
226567.9,121542.9
226576.8,121546.7
226567.1,121547.9
226578.4,121535.8
226569.3,121540.7
226569.6,121533.1
226559.8,121539.2
226556.6,121540.2
226559.8,121537.1
226560.4,121533.1
226559.4,121533.2
226559.4,121531.9
226558,121544.8
226548.8,121528.1
226564.1,121523.7
226554.9,121528.8
226559,121524.4
226554.9,121522.8
226574.4,121525.4
226555.3,121526.4
226534.9,121512.1
226548.5,121518.4
226541.3,121525.8
226537.3,121518.8
226526.4,121519.4
226560.4,121516.6
226532.5,121511.6
226540,121518.8
226542.4,121509.9
226554.3,121530
226536.3,121518.4
226534.1,121529.5
226543.4,121533.4
226528.4,121526.4
226529,121525.6
226553.3,121520.8
226530.8,121530.1
226527.4,121533.1
226536.5,121529.8
226545.4,121527.9
226531.4,121525.6
226530.4,121533.1
226506.3,121524.7
226541.6,121523.4
226518.9,121527.8
226532.1,121526.9
226534.5,121524.5
226516.4,121514.5
226509.3,121519.1
226499.4,121518.3
226497.8,121507
226496.6,121506.5
226517.8,121522
226528.8,121516.6
226495.6,121513.3
226493.6,121506.5
226507.3,121501.2
226511.6,121500.7
226504.5,121515
226523.6,121516.7
226510.4,121516.9
226502.5,121511.4
226505.3,121509.2
226494.3,121494.6
226504.9,121513.4
226494.3,121511.3
226514.8,121517.1
226511.4,121505.6
226496.6,121506.6
226489.3,121509.6
226502.5,121504.9
226512.4,121506.1
226499.4,121504.9
226498,121493.4
226499.1,121502.4
226481.4,121506.1
226469.5,121496.3
226475.9,121499.3
226480.4,121505.3
226457.9,121498.5
226472.5,121501.2
226509.3,121506
226495,121493.2
226495.4,121495.8
226482.4,121502.1
226470.1,121496.9
226472.5,121498.3
226492.3,121498.1
226497.4,121500.2
226510.4,121508.9
226474.3,121515.3
226470.1,121503.9
226471.5,121504.9
226463.3,121502.3
226470.5,121506.5
226479.6,121510.6
226475.9,121496.1
226471.1,121502.8
226474.9,121500.9
226482.4,121509.9
226488.9,121503.1
226479.6,121496.4
226480.4,121494.1
226489.3,121487.4
226455.9,121481.3
226457.1,121502.8
226467.8,121503.3
226481.4,121492.4
226448.4,121496.9
226475.3,121491
226471.1,121505.4
226473.3,121494.6
226470.8,121486.1
226486.1,121492.5
226460.3,121495.4
226447.6,121498.1
226464,121503.3
226459.6,121497.1
226456.9,121497.1
226467.4,121481.4
226457.1,121485.1
226464,121488.4
226460.6,121487.6
226481.8,121485.7
226468.4,121487.9
226461.6,121495.3
226451.4,121495.9
226436,121493
226468.4,121503.3
226462.3,121502.3
226467,121497.4
226448,121490.8
226431.6,121486.8
226418.4,121479.3
226415.3,121493.9
226420.4,121480.4
226436.8,121488.6
226444.9,121492.9
226438.1,121485.9
226446.3,121495.8
226437.8,121490.8
226437.8,121489.6
226426.5,121485.7
226435.8,121486.2
226438.1,121491.5
226457.9,121488.4
226445.6,121494.9
226436.8,121486.1
226447,121481.1
226419.8,121472.9
226421.1,121483.7
226438.5,121486.2
226452.4,121485.6
226424.9,121488.1
226422.8,121472.3
226445.6,121480.1
226430.6,121483.2
226449.4,121483
226444.9,121495.8
226446.6,121486.1
226427.5,121489.1
226411.9,121483.5
226414.3,121476.2
226401.4,121482.3
226425.9,121489.4
226428.9,121487.3
226415.6,121483.2
226416,121478.4
226415.3,121485.4
226414.3,121477.7
226418,121471.1
226414.6,121482.4
226422.1,121479.9
226433.4,121478.7
226434,121471.6
226428.3,121469
226423.1,121472.8
226416.3,121475
226413.9,121486.8
226425.5,121485.1
226427.9,121485.9
226421.8,121483.3
226437.8,121481.4
226434.8,121474.5
226411.3,121470.6
226403.8,121476.5
226409.1,121477.9
226422.8,121470.9
226412.3,121469.9
226392.1,121463.8
226384.6,121470.2
226378.9,121474.6
226395.5,121473.6
226406.4,121471.8
226404.4,121466.4
226393.9,121464.1
226380.9,121460
226405.4,121472.1
226380.3,121470.9
226399.6,121475.5
226396.9,121465.4
226389.1,121461.2
226387.8,121468
226389.8,121468.7
226385.6,121464.1
226388.8,121468
226391.8,121464.6
226390.8,121480.3
226377.1,121484.3
226380.3,121468.9
226364.9,121473.1
226394.1,121478.7
226376.5,121474.5
226379.9,121466.1
226391.8,121467
226381.3,121459.5
226381.9,121465.6
226353.6,121455.4
226352.3,121459.1
226356.8,121468.3
226353.6,121464.4
226381.6,121453.9
226393.5,121460
226371.8,121456.9
226355.6,121454.6
226380.9,121454
226376.5,121459.5
226355.4,121460.7
226376.8,121468
226366.6,121456.6
226371.8,121453.4
226359.4,121449.3
226371.8,121454
226364.3,121472.9
226363.1,121457.9
226371.8,121463.3
226368.6,121458.1
226352.6,121448.8
226364.5,121459.6
226340.6,121457.8
226359.8,121459.5
226356.8,121455.8
226336.3,121459
226358,121460.8
226342.8,121457.9
226335.3,121453.9
226343.1,121454
226332.1,121455.4
226334.9,121440.6
226335.9,121453.9
226334.9,121452.1
226347.1,121445
226339,121453.2
226341.8,121457.8
226357.4,121463.9
226359.8,121459.5
226345.1,121449.6
226362.9,121447.4
226356,121452.3
226342.4,121462.4
226336.6,121464.1
226317.9,121460.3
226340.6,121451.6
226343.1,121446
226340,121460.2
226338,121468.9
226324.4,121456.3
226330.9,121453.5
226334.6,121446.9
226336.3,121450.6
226342,121453.9
226342,121450.8
226333.9,121450.6
226321,121444.7
226310.4,121445.5
226288.3,121428.3
226277.4,121417.6
226283.1,121414.5
226251.5,121405.5
226189.8,121386.4
226128.5,121362.8
226104,121332.1
226015.8,121307.8
225945.9,121267.2
225820.9,121216.3
225650.3,121153.4
225465,121059.4
225225.9,120939.4
224915.3,120802.3
224599.5,120644.1
224211.3,120481.4
223768.9,120286.1
223280.8,120070.4
222728.6,119832.4
222121.4,119534.1
221488.9,119238.1
220818.9,118947.6
220118.6,118623.3
219426.3,118300.4
218724.9,117976.7
218048.5,117656.4
217379.3,117351.9
216758.3,117082.8
216231.1,116853.8
215789.6,116646.8
215407.5,116480.9
215134,116367.2
214938.1,116281
214875.9,116257.7
214852.4,116270.4
214978,116328.2
215184.1,116433.4
215453.1,116560.5
215839.8,116741.7
216241.3,116943.7
216697.4,117154
217215.8,117387.6
217744,117635.8
218273,117892.3
218840.8,118165.9
219407.1,118426.3
219963.6,118667.8
220510.4,118913.3
221009.6,119147.2
221493.6,119366.5
221950,119563.9
222373.1,119764.2
222783.5,119950.8
223145.9,120113.3
223474.9,120255.3
223774,120390.9
224049.5,120515.9
224307.6,120606.3
224530.4,120705.9
224748.4,120788.7
224894.9,120860.9
225051.9,120935.6
225188.5,120988.9
225298.5,121035.3
225423.1,121079.9
225525,121123.5
225615.3,121165.2
225677.5,121173.8
225725.6,121192.9
225773.6,121218.8
225830.9,121238.4
225864.9,121253.3
225903.8,121270.6
225934.4,121281.7
225944.9,121289.4
225969.1,121303.7
225972.1,121295.7
225981.4,121307.3
226009.6,121318.1
226020.3,121318.3
226032.5,121322.1
226012.4,121326.8
226025.6,121327.7
226045.8,121325.1
226055.3,121332.3
226040.6,121325.6
226054.9,121336.9
226067.9,121343.5
226063.1,121347.6
226067.5,121350.1
226070.6,121340.4
226087.3,121345.6
226094.1,121343.7
226098.5,121357.1
226098.9,121355.1
226107.8,121360.7
226114.3,121358.5
226078.5,121354.4
226092.8,121353.4
226080.1,121358.5
226096.1,121354.4
226109.4,121369.4
226106,121373.6
226113.9,121364.6
226094.8,121370.6
226095.1,121356.8
226101.3,121361.8
226097.1,121366.1
226111.9,121371.9
226114.9,121363.1
226110.1,121358.3
226121.4,121363.9
226116.9,121366.5
226100.9,121365.5
226093.4,121348.1
226113.5,121365.8
226092.4,121358.5
226099.5,121369.4
226096.9,121375.5
226110.8,121365.8
226110.8,121364.9
226138.4,121366.1
226130.5,121371.9
226123.4,121371.6
226121.4,121366.8
226101.6,121366.5
226110.8,121376.6
226127.5,121366
226115.5,121370.8
226118,121384.6
226113.1,121386.1
226107.8,121369.8
226114.3,121384.9
226120,121380.4
226127.5,121385.9
226110.8,121377.3
226121.4,121374
226116.6,121372.8
226122.4,121381.5
226109.1,121373.1
226106.8,121367.2
226101.9,121367.2
226113.1,121373.1
226120.4,121372.6
226127.5,121377.1
226137.8,121386.4
226119.3,121379.8
226116.6,121376.7
226125.8,121376.9
226132.6,121375.9
226139,121382.7
226132.3,121381.3
226138.8,121375.9
226126.8,121373.1
226135,121376.2
226127.1,121375.4
226131.9,121377.9
226141.8,121385.8
226139.8,121386.4
226135.3,121384.6
226123.8,121374.7
226135.3,121376.7
226126.8,121374.5
226139.4,121389.3
226143.5,121386.9
226143.1,121378.3
226128.5,121363.9
226099.9,121371.1
226118,121372.1
226118.3,121364.4
226120.4,121372.8
226101.9,121373.5
226106.8,121375
226105,121371.8
226109.4,121378.6
226148.6,121373
226142.8,121380.8
226139.4,121381
226121,121385.6
226143.1,121380.3
226138,121375.4
226142.5,121376.1
226137.8,121378.4
226127.1,121380.1
226136.6,121378.9
226127.5,121376.9
226134.6,121378.1
226117.6,121382.3
226126.1,121379.9
226132.3,121381.5
226146.9,121391.4
226138.4,121388.8
226158.5,121388.5
226140.4,121379.8
226116.6,121384.1
226120,121379.3
226120.6,121374.8
226120.4,121387.8
226130.3,121392.2
226126.8,121389
226117.6,121381.8
226106.8,121369.6
226109.4,121365.3
226115.9,121363.4
226115.9,121378.8
226104.6,121390
226126.5,121390.5
226116.3,121379.3
226132.3,121385.6
226135,121391.9
226114.3,121395.4
226120.4,121396.3
226140.1,121395.9
226131.9,121389
226121,121387.1
226137,121389
226131.6,121388.6
226108.8,121371.1
226117.6,121385.6
226107,121388.3
226134.6,121387.4
226124.8,121383.2
226093.8,121377.6
226122.8,121383.4
226108.4,121376.1
226108.4,121383.7
226109.4,121374.3
226106,121385.1
226125.4,121389.5
226098.5,121377.8
226128.9,121378.1
226113.9,121385.4
226111.1,121366.5
226137.8,121380.1
226137.8,121384.2
226140.8,121383.2
226145.9,121382
226120.6,121384.9
226110.5,121369.9
226111.1,121376.4
226106.8,121385.3
226121.4,121382.5
226140.1,121378.9
226125.1,121377.1
226123,121382.2
226113.9,121369.4
226137.4,121370.8
226135,121383.5
226126.1,121394.4
226128.9,121394.3
226123.8,121374.8
226103.3,121371.6
226104.4,121371.1
226091.4,121368.2
226103.6,121373
226110.8,121380.1
226104.6,121379.6
226111.9,121373.8
226124.4,121389
226117.3,121376.7
226131.9,121387.6
226123,121401.1
226132.9,121392.4
226139.4,121386.9
226140.1,121390.2
226134.3,121389.7
226118.3,121390.2
226128.9,121382.2
226135,121389.5
226132.3,121387.9
226134,121382.3
226130.5,121373.6
226125.4,121375.7
226116.6,121385.8
226129.9,121398.2
226136.4,121398.5
226135.3,121392.7
226119.3,121385.6
226132.6,121392.4
226120.4,121385.8
226103.3,121376.6
226119.6,121373.1
226112.1,121386.1
226089.6,121383.4
226102.6,121382.2
226115.5,121377.4
226119.6,121383.4
226119,121376.1
226135.6,121380.3
226138.4,121391.4
226142.8,121390.4
226149.6,121378.3
226154,121380.6
226120.6,121377.8
226121.4,121375.9
226126.8,121379.8
226129.5,121396.1
226127.1,121383.9
226124.4,121377.8
226122.8,121394.8
226124.1,121395.1
226112.1,121389.8
226122,121391.9
226114.9,121381.7
226121,121390.7
226130.9,121379.9
226110.8,121385.4
226109.4,121368.9
226099.3,121366.7
226091.4,121372.3
226101.6,121382.9
226113.9,121380.6
226095.5,121375.4
226084.9,121374.2
226093.1,121390
226104.4,121394.8
226113.9,121384.1
226129.1,121387.6
226134.6,121398
226127.9,121393.9
226124.1,121383
226107.4,121386.9
226093.8,121379.9
226123.4,121383.9
226126.1,121382
226105,121379.4
226109.8,121384.8
226102.6,121383.4
226088,121387.4
226100.3,121373.8
226114.9,121380.6
226119,121383.9
226116.3,121372.1
226115.9,121376.2
226115.5,121374.7
226107.4,121383.4
226088.6,121371.8
226080.5,121376.2
226105,121379.8
226119,121378.4
226106.8,121379.9
226098.1,121380.8
226101.3,121396.6
226084.9,121380.1
226087,121372.3
226096.1,121385.6
226100.6,121379.1
226108.4,121385.8
226118,121382.9
226114.5,121386.1
226092.8,121378.8
226107,121372.3
226105.6,121372.3
226113.9,121373.6
226094.1,121374.8
226108.1,121383.7
226090.8,121374.7
226110.1,121377.8
226118,121383.5
226108.8,121366.5
226108.1,121379.3
226103.6,121373.5
226105.4,121374.8
226094.8,121379.9
226072.6,121367.9
226074.8,121367
226086.6,121359
226105.4,121373.1
226096.1,121370.3
226095.8,121382.3
226081.9,121368.4
226097.9,121373.5
226081.5,121369.3
226099.5,121369.1
226108.8,121362.1
226100.9,121377.3
226120,121372.1
226085.3,121366.7
226073.6,121369.4
226099.3,121380.1
226098.9,121378.8
226100.9,121384.1
226095.8,121387.9
226105.6,121386.3
226061.4,121378.4
226067.3,121374.5
226064.8,121368.7
226081.1,121375.2
226103,121384.6
226096.1,121375.2
226099.5,121381.7
226081.9,121375.7
226070.6,121368.6
226063.8,121372.6
226073.4,121366
226070.3,121367.7
226091,121377.6
226080.8,121364.9
226068.5,121379.1
226083.5,121374
226083.9,121378.6
226066.9,121379.3
226081.5,121381
226075.8,121382
226112.1,121365.8
226088,121369.4
226081.5,121368
226079.8,121367.4
226074.4,121363.8
226088.6,121377.3
226071,121377.8
226077.4,121379.9
226087,121375.2
226076.4,121383.9
226060.4,121382.7
226081.9,121376.6
226076.4,121368.2
226085.3,121366.5
226088.6,121377.8
226062.1,121357.8
226055.6,121358.1
226059.4,121355.6
226061.4,121353.3
226065.5,121353.3
226066.9,121358
226094.1,121371.6
226078.8,121361.1
226088.6,121364.9
226081.9,121355.4
226107,121358.3
226097.1,121378.8
226069.9,121380.1
226076,121373.5
226045.4,121365.6
226065.5,121373.6
226072.6,121378.6
226068.9,121380.1
226076,121381.5
226087.3,121375.2
226079.5,121372.4
226084.9,121374.7
226088,121369.9
226071.3,121380.8
226086.3,121379.8
226085.6,121384.4
226081.5,121375.9
226083.9,121363.8
226077.1,121364.9
226074,121364.9
226070.3,121355.3
226059,121355.6
226067.5,121361.4
226066.1,121358.8
226051.9,121368.2
226051.5,121372.8
226056.6,121371.1
226064.1,121370.4
226074.4,121368
226079.5,121370.8
226085.3,121366.5
226064.5,121372.6
226061.8,121363.4
226067.9,121362.3
226061.1,121364.6
226054.9,121366.8
226057.4,121363.1
226054.9,121360.2
226081.1,121373.6
226060.8,121364.8
226059.4,121364.4
226072.6,121368
226061.8,121376.2
226076.4,121375
226064.5,121372.8
226061.8,121356.9
226061.1,121356.8
226047.1,121361.2
226030.1,121358.8
226039.6,121352.4
226058.4,121360.9
226062.1,121360.2
226076.4,121358.3
226066.9,121356.6
226064.8,121364.6
226045,121375.4
226069.9,121378.9
226069.3,121373.8
226062.8,121372.1
226062.8,121364.3
226075,121360.7
226063.8,121359.5
226059.8,121369.4
226071.6,121363.1
226077.8,121359.9
226059.4,121355.1
226061.8,121356.1
226053.9,121371.6
226043.8,121375.5
226041,121368.7
226062.4,121366
226066.1,121359.3
226060,121361.6
226060,121354.8
226055.3,121347.9
226041,121343.2
226041.3,121340.4
226040.6,121345.9
226063.8,121354.8
226058,121351.9
226057.6,121353.3
226028,121359.2
226030.8,121359
226028.8,121360.4
226040.3,121367.7
226032.5,121367
226048.5,121368.7
226043,121365.5
226031.8,121370.9
226026.6,121364.8
226025.6,121363.1
226036.9,121354.3
226031.4,121358.5
226044,121361.8
226067.3,121358.8
226040.3,121357.6
226036.9,121364.1
226033.1,121364.3
226038.6,121367.5
226040.6,121370.9
226025.6,121364.6
226050.9,121370.6
226048.5,121367.5
226032.5,121356.3
226018.1,121344.4
226017.5,121352.9
226027.4,121346.4
226027,121354.1
226028.8,121358.3
226019.9,121368.4
226014.8,121361.1
226021.9,121348.8
226056.6,121367.4
226040.6,121359.9
226036.9,121368.4
226044.8,121367
226048.5,121362.9
226041.6,121364.1
226006.3,121357.3
226047.8,121368
226041,121377.8
226048.1,121369.1
226050.9,121364.1
226046.4,121368.9
226046.1,121370.9
226033.8,121376.4
226040,121372.8
226029,121372.1
226049.5,121365.3
226038.6,121369.4
226025.6,121353.6
226005.3,121351
226006.6,121347.4
226013.4,121344.6
226032.5,121358.5
226036.3,121356.1
226024.6,121355.6
226033.8,121356.8
226029,121356.9
226027.8,121358.7
226034.1,121353.3
226043.4,121350.8
226031.1,121367.4
226022.3,121361.2
226033.8,121361.2
226041.3,121364.4
226029,121355.4
226034.1,121368
226043,121371.3
226036.9,121367
226047.1,121366
226036.3,121352.2
226044.4,121366
226041.3,121363.6
226046.4,121360
226022.6,121346.3
226026.6,121352.4
226035.1,121363.1
226004.1,121349.5
225995.6,121347.9
226020.9,121349.3
226008.6,121353.4
226011,121359.2
226019.5,121356.6
225990.6,121360.2
225996.6,121367.4
226027,121361.1
226002.9,121344.2
226027,121353.8
226021.9,121341.4
226025.6,121353.8
226015.8,121359
226024.6,121365.5
226027,121362.3
226009,121351.4
226022.9,121348.3
226037.5,121356.6
226043,121359
226039.3,121362.8
226016.5,121354.6
226039.3,121359.3
226034.5,121357.6
226025.6,121361.6
226020.9,121358.7
226037.5,121353.3
226011.4,121359.9
226019.1,121350
225999.1,121346.8
226018.9,121358
226027.4,121356.8
226026,121340.1
226021.9,121348.9
226040.6,121358.5
226018.9,121349.8
226009.3,121354.3
226010,121341.6
226030.4,121350.3
226027.4,121351.7
226044.8,121352
226029.4,121353.8
226023.6,121358.7
226021.5,121355.8
226005.9,121344.6
226028.8,121361.8
226026.4,121342
226023.3,121347.3
226022.3,121354.4
226025,121346.1
226025,121348.9
225997.4,121348.9
226014.4,121349.6
226016.8,121366.7
226023.6,121366.5
226015.4,121360.4
226012.8,121348.6
226009,121352.4
225999.8,121347.8
226001.1,121346.3
226002.1,121352.4
225999.8,121358.7
225993.6,121355.4
226016.1,121356.4
226015.1,121355.6
225997,121347.4
226003.5,121355.8
226017.1,121358.7
226028.4,121360.7
226020.9,121356.4
226033.8,121346.9
226034.9,121354.3
226030.1,121348.8
226030.1,121347.1
226011.6,121360
226019.1,121357.8
226023.3,121350.1
226035.1,121359.5
226022.9,121355.1
226013.8,121351.4
226031.8,121352.5
226023.3,121355.4
226030.4,121351.9
226007.9,121357.6
226024,121355.4
226009.3,121348.1
225997.8,121343.5
226026.6,121359.7
226000.8,121354.8
226002.5,121356.8
225995,121357.8
226020.5,121356.3
226008.3,121346.3
225993.6,121347.3
226013.4,121356.3
226010.4,121343.9
226030.1,121352.4
226023.6,121350.5
226034.9,121357.4
226004.1,121351
225996.6,121358
226002.9,121359.9
226005.9,121355.9
226023.3,121352.7
226006.6,121355.8
226011.6,121354.1
226032.1,121349.5
226020.3,121357.6
226018.1,121354.1
226002.9,121357.1
226012.4,121348.8
226038.9,121354.3
226017.1,121361.6
226015.4,121356.9
225990.3,121360
226003.9,121353.6
226011.4,121348.1
226017.5,121354.9
225999.1,121356.8
226015.8,121350.6
226006.9,121349.6
226006.6,121344.4
226025.3,121358.3
226025.6,121355.6
226029.8,121359.5
226048.8,121365.6
226039.3,121363.6
226009.6,121358.8
226013,121363.1
226017.1,121355.6
226029,121361.9
226018.1,121354.4
226012.4,121349.6
226023.3,121368.4
226006.6,121361.9
226015.8,121357.8
225998.8,121367.4
226011.4,121373.1
226053.9,121375.9
226021.9,121364.3
226030.4,121378.8
226010.4,121359.9
225998.4,121345.2
225991.9,121345.1
226004.9,121359.5
226025.3,121364.3
226013.8,121359
226010,121350.8
226012.8,121362.3
226002.1,121353.9
226008.6,121359.7
226027,121356.6
226051.9,121357.3
226021.5,121358.1
226026,121372.1
226027,121353.4
226020.5,121344
226017.1,121348.4
226009,121361.6
226010.6,121350.8
226027.4,121353.1
226034.9,121354.8
226021.3,121358
226029.8,121350
226019.1,121364.1
226028.8,121361.4
226032.8,121371.4
226022.6,121368.2
226024.6,121360.6
226009.3,121351.4
225998.4,121346.8
225997,121342.8
226010.6,121349.3
226014,121361.1
226009.6,121354.3
226011.4,121355.6
226011,121355.9
226019.5,121362.9
226002.9,121357.1
226004.9,121351.9
226001.5,121351.2
226010,121345.4
226016.5,121347.1
226005.3,121339.8
226021.3,121346.9
226015.8,121345.9
226004.1,121357.4
226006.9,121358.8
226016.8,121345.4
226012,121358
226012.8,121353.1
226009.6,121361.4
226020.9,121355.9
226006.9,121367
226018.1,121362.3
225994.3,121355.1
226012.4,121355.4
225997.4,121338.6
225994.6,121355.6
225992.6,121358
226013.4,121350.6
226016.5,121354.3
226002.5,121357.8
226001.8,121360
225995,121360.9
226011.6,121355.6
226011.4,121354.4
226015.4,121361.4
226008.6,121360.4
226021.9,121353.4
226031.8,121366.1
226007.3,121364.4
226017.8,121359.3
226011.4,121361.4
226013.4,121358.5
226018.5,121364.6
226020.5,121358
226036.3,121365.6
226024.6,121362.3
226010.4,121357.4
226001.8,121362.3
226032.1,121356.8
226005.3,121358.3
226025,121348.6
226015.4,121361.8
225989.5,121351.5
226004.5,121360.4
225988.9,121350.1
226011,121351
226007.6,121351.9
225995.6,121351.5
226009.6,121358.7
225994.6,121361.8
226000.4,121354.1
225999.1,121347.6
226000.1,121346.9
225994.6,121350.5
226003.1,121355.8
226006.9,121346.9
225986.1,121347.1
225997.4,121348.4
225986.5,121340.3
226000.8,121351.5
226005.9,121346.3
226013,121352.7
226002.5,121360.4
225998,121364.6
226010,121365.1
226007.9,121356.3
226007.9,121357.3
225996,121350.3
225996,121359.7
226004.1,121347.9
225999.1,121348.3
225986.1,121347.4
225977.6,121340.1
225981,121348.9
225998.8,121341.3
225986.5,121339.9
226001.5,121342.1
226001.1,121345.8
225993.6,121350.5
225996.6,121342.3
226019.9,121361.8
226000.8,121369.1
226003.1,121360.9
226019.1,121357.8
226003.1,121349.8
226004.9,121348.4
226005.3,121347.9
226017.1,121348.9
226014.8,121349.5
226016.8,121348.4
226022.6,121352.7
226022.9,121349.5
226015.4,121353.8
226004.5,121353.6
226020.5,121358.3
226014,121350.5
225993.6,121333.4
225996,121348.9
225979,121352.7
225990.6,121344.2
225971.5,121349.6
225995.6,121350.5
226002.1,121353.4
225977.6,121359
225988.5,121360.9
225998.4,121360.4
225991.9,121360
225975.6,121349.8
225990.3,121353.8
226001.8,121361.2
225996.4,121364.8
226027.4,121360
225996.4,121339.9
225993,121336
225994.6,121337.6
225989.5,121337.9
226002.5,121352.2
226004.5,121345.2
226008.3,121346.4
226010.6,121350.8
226009,121351.9
225986.5,121341.1
225984.8,121347.1
225999.8,121360
225987.1,121356.1
226007.9,121353.6
225981.4,121353.1
225971.5,121338.3
225952.8,121331.4
225976.3,121346.1
225973.9,121353.4
225975.6,121342.8
225987.5,121345.6
225985.5,121345.6
225981.4,121346.8
225971.9,121346.9
225987.5,121349.3
225988.9,121351.4
226008.6,121343.9
226000.8,121343.3
226004.5,121336.4
226001.8,121345.2
225990.6,121342.7
225990.9,121348.9
225975.3,121360.7
225998.4,121350.1
226000.1,121356.4
225998.4,121349.1
226011.4,121342.7
225995.6,121340.1
225989.9,121342.8
225992.3,121348.6
225988.1,121352.4
225979.4,121347.9
225968.1,121347.8
225971.9,121336.9
225959.9,121339.3
225972.1,121345.4
225968.8,121345.9
225979.4,121353.6
225976.9,121351.4
225966.4,121334.5
225978.6,121327.7
225968.8,121334.1
225991.3,121347.6
225981,121346.1
225977.6,121346.4
225995.4,121347.3
225999.8,121344.6
225988.1,121346.6
225975.3,121345.9
225997.8,121347.8
225964.6,121347.1
225969.8,121352.2
225984.4,121343.9
225984.1,121349.3
225995.6,121347.8
225988.9,121343.3
225980.6,121350.3
225983.8,121348.6
225967.4,121339.6
225991.3,121335.7
225963.3,121342.3
225965.4,121336.4
225966.8,121326.6
225965.4,121330.8
225971.5,121338.9
225972.5,121333.8
225965.4,121344.4
225950.4,121356.8
225960.9,121351.2
225937.8,121348.1
225958.9,121348.8
225976.6,121347.3
225975.3,121348.3
225973.3,121334.8
225965,121338.3
225950.4,121340.8
225948,121338.9
225969.1,121340.3
225957.5,121350.1
225977.3,121343.5
225971.1,121340.8
225972.5,121352.4
225953.4,121344.9
225970.8,121343.7
225956.5,121341.4
225966,121336.2
225974.5,121335.2
225950.4,121334.1
225969.8,121344.4
225946.3,121338.6
225931.3,121320.4
225943.5,121328.5
225951.4,121338.1
225964,121335.2
225951.4,121342.7
225971.5,121332.3
225959.5,121331.4
225957.1,121334
225966.8,121326.8
225959.9,121337.2
225981.4,121338.9
225957.5,121339.3
225965.8,121358.8
225970.8,121351.4
225951,121346.8
225959.5,121342.1
225957.9,121354.9
225989.3,121355.1
225976.9,121347.8
225987.1,121345.2
225980.6,121342.1
225979,121344.9
225981.8,121350
225985.5,121355.1
225982.4,121370.3
226012.8,121360.7
226010.6,121355.3
226004.9,121353.9
226001.1,121354.9
226020.5,121361.6
226046.8,121372.1
226071,121381.3
226103,121380.6
226131.9,121395.1
226150.6,121399.4
226175.5,121418.3
226248.8,121439.1
226265.4,121442.4
226319.9,121459
226398.3,121472.9
226481.8,121511.4
226569.3,121543.4
226651,121567.4
226741.6,121603.2
226855.4,121638.1
226992.3,121686
227159.1,121733
227315.1,121790.4
227492.6,121853.4
227702.1,121911.4
227958.3,121985.4
228216.4,122080.8
228524.6,122195.2
228855,122288.1
229250.8,122410.4
229656.4,122552.4
230098.9,122701.5
230649.3,122879.3
231222.5,123064.6
231885.3,123277.8
232623.4,123520.3
233443.9,123783.4
234361.4,124091.6
235356.6,124420.5
236469.1,124773.5
237709.5,125169.4
239067.9,125606.8
240550.8,126096.6
242197.6,126638.9
244016.8,127218.6
246019.4,127870.2
248248.6,128598.4
250688,129388.1
253367.1,130251.5
256315,131206.9
259514.6,132251
263037,133379.9
266905.5,134606.9
271079,135977.3
275694,137456.1
280691.3,139073.8
286134.5,140827.6
292063.8,142737.4
298498.8,144808.5
305468.5,147062.8
313077,149516.1
321297,152161.4
330201,155016.4
339800.5,158112.3
350213.8,161448.9
361406,165042.3
373484.5,168921.9
386530.8,173091.9
400520.3,177572.9
415522.8,182389.3
431635.5,187554.6
448921.8,193104.3
467404,199014.1
487193.5,205360.5
508351.5,212130.1
530981,219349.8
555032,227036.9
580706,235230.1
607985,243939
636974,253216.6
667765.5,263048
700440.5,273468
735058,284498.5
771656,296163.3
810379.5,308509.5
851230.5,321526
894301,335237.5
939703.5,349694.5
987509,364901.5
1037765,380892
1090544,397682.3
1145894,415289.8
1203885,433725.5
1264548,453022.3
1327947,473171.5
1394214,494208.8
1463350,516169.5
1535402,539029
1610392,562840
1688392,587583.5
1769303,613231.5
1853152,639829
1939966,667330.5
2029790,695818.5
2122596,725207
2218426,755537
2317248,786803.5
2419018,819030
2523540,852134
2630928,886089.5
2740834,920876.5
2853306,956424
2968272,992810.5
3085836,1029955
3205706,1067818
3327690,1106344
3451646,1145488
3577532,1185271
3705358,1225573
3834500,1266351
3965082,1307575
4096958,1349167
4229848,1391031
4363444,1433160
4497672,1475550
4632256,1517945
4766980,1560388
4901576,1602780
5035828,1645060
5169340,1687149
5301996,1728909
5433504,1770292
5563616,1811266
5692136,1851726
5818680,1891559
5942916,1930678
6064892,1969033
6184504,2006710
6301232,2043397
6414556,2078959
6524156,2113448
6630324,2146844
6732688,2179060
6830816,2209880
6924532,2239382
7013508,2267268
7097852,2293772
7177072,2318674
7251156,2341988
7319892,2363560
7382968,2383386
7441004,2401600
7493284,2418042
7539904,2432682
7580724,2445544
7615536,2456528
7644388,2465604
7667324,2472800
7684180,2478086
7694976,2481478
7699648,2482958
7698168,2482522
7690540,2480184
7676644,2475800
7656432,2469450
7630576,2461400
7599136,2451568
7562192,2439986
7519796,2426738
7472436,2411830
7419856,2395282
7362220,2377200
7299612,2357602
7231776,2336452
7159208,2313696
7082320,2289546
7001364,2264172
6916388,2237546
6827568,2209652
6735088,2180550
6639016,2150420
6539708,2119296
6437556,2087111
6332564,2054109
6225092,2020314
6115112,1985785
6003032,1950538
5889164,1914792
5773612,1878500
5656688,1841689
5538880,1804575
5419996,1767210
5300284,1729535
5179920,1691642
5059176,1653662
4938188,1615530
4817228,1577443
4696372,1539383
4575860,1501429
4455764,1463531
4336276,1425884
4217600,1388483
4099844,1351339
3983286,1314568
3867958,1278208
3753932,1242156
3641434,1206647
3530560,1171612
3421244,1137102
3313808,1103147
3208210,1069751
3104660,1037031
3003086,1004930
2903608,973441
2806304,942623.5
2711124,912503
2618198,883077.5
2527648,854414
2439392,826460
2353512,799218.5
2269916,772739
2188616,746967.5
2109676,721920.5
2033129,697636
1958918,674088
1886991,651243.5
1817452,629151.5
1750334,607853.5
1685450,587267
1622830,567368
1562481,548151
1504320,529627.5
1448296,511801.8
1394365,494661.8
1342527,478152.3
1292718,462265
1244957,447062.8
1199101,432492.3
1155187,418490.8
1113156,405093.5
1072979,392265
1034564,380000.3
997927,368308.8
962866.5,357117.8
929406,346463.8
897512.5,336284.5
867181.5,326576.3
838265.5,317344.5
810732.5,308547
784500,300165.3
759597,292203.8
735926,284637
713476.5,277429.5
692149.5,270604.8
671922,264129.3
652752,257968.8
634557,252152
617331.5,246639.5
601012,241411.3
585576.5,236460.4
570955.5,231765.8
557101.5,227327.3
544090.5,223148.3
531735,219191
520075.5,215449.6
509081,211910.4
498692.8,208560.3
488864.5,205400.9
479593,202427.1
470816.3,199605.8
462560,196938.4
454746.5,194441
447383.8,192081.1
440445,189830.1
433902.8,187724.3
427710.5,185740.3
421866,183867.6
416351.5,182088.6
411148.3,180413.4
406243.3,178835.8
401581.8,177329
397173,175905.6
393004.3,174566.3
389059,173306.6
385351.3,172114.9
381827.5,170991.5
378470.3,169910.3
375288.3,168891.5
372279.8,167920.8
369413,166993.9
366710,166109.1
364119.5,165276.6
361652.3,164482.6
359311.8,163728.8
357071,163025
354930.5,162326.5
352893.8,161664.3
350936.5,161055.4
349077,160462.6
347298,159904.1
345560.5,159344.9
343925.8,158810.6
342339.3,158303.9
340823.3,157813.5
339335.8,157336.4
337934,156906.3
336578,156473.8
335221,156030.5
333949.3,155620
332699.5,155220.3
331496.3,154828.3
330310.3,154451.5
329179.3,154077.8
328080,153727.8
327002,153377.5
325971,153056.1
324936.8,152726.3
323968.3,152407.6
322963.5,152091.6
322012.3,151788
321076.8,151490.1
320172.5,151192.6
319295.3,150924.1
318385,150636.6
317529.3,150374
316693.3,150100.5
315904.3,149851.3
315102.3,149597.1
314275.5,149348
313510,149106
312731.8,148864.8
311982.3,148629.6
311242.5,148384.8
310546.8,148154.5
309832.3,147911
309118.3,147678.3
308461,147468.3
307736.3,147248.8
307058,147042.4
306400.8,146824
305751.5,146622.3
305094.5,146412.9
304485.3,146214.9
303852,146025.8
303248.8,145833.4
302631.3,145628.5
302025,145433.9
301423.3,145251.3
300844.8,145072.6
300252.5,144883.6
299677,144702.6
299103.3,144513.8
298555.8,144347
297988.3,144157.6
297440.5,143985.8
296908.5,143821.8
296366.8,143640.4
295846.3,143473.8
295340,143321.6
294824,143160
294333,143013.3
293817.5,142845.6
293332.5,142685.9
292837.3,142530.4
292341.5,142382.9
291844.5,142230
291357,142074.1
290859.8,141907.5
290404.3,141764.6
289965,141618
289506.8,141463.1
289055,141316
288598.3,141180.1
288157.5,141048.5
287728.8,140899.6
287280.5,140753.6
286864.8,140628.1
286437.5,140494.6
286004.5,140370.4
285575.3,140242.6
285168,140099.4
284744,139965.3
284340,139839.4
283941.8,139725.1
283558,139592.3
283162,139473.3
282791.8,139348.3
282388.5,139221.9
281988,139088.1
281629,138977.8
281261,138866.8
280874.5,138749.1
280518.5,138639.9
280163.5,138519.3
279794.5,138399.8
279437.3,138277.4
279072.5,138163.4
278720.5,138059.5
278400,137955.5
278037.8,137842.1
277698.8,137739
277369,137638.9
277019,137519.3
276691.8,137425.3
276371.3,137306.9
276051,137206.9
275701.5,137102
275379.3,137002.9
275075.5,136885.5
274741.8,136797.5
274426.8,136693.9
274126.3,136607.6
273829,136507.8
273499.5,136395.3
273223.3,136311.1
272921,136210.5
272615,136121.5
272332.3,136028.4
272047,135927.8
271768.8,135839.4
271478.3,135752.1
271186,135667.8
270898.5,135591.3
270624.5,135487.8
270357.5,135397.6
270094,135303.4
269813.3,135232.6
269539,135146.9
269277.3,135075.8
269016,134977.5
268752.8,134893
268488,134810.3
268251.8,134730.9
267995.5,134651.5
267728.8,134559.4
267478.8,134493.1
267229.3,134415.1
266969.3,134331.8
266712.5,134246.6
266484.5,134173.9
266274.8,134111.1
266011.3,134018
265784.3,133948
265554.5,133878.4
265320.5,133799.5
265069.8,133717.4
264839.3,133644.8
264623.5,133587.4
264397,133512.9
264159.3,133443.3
263935,133362.5
263692,133288.5
263501,133221.8
263300,133165
263081.8,133095.1
262872.3,133010
262647,132957.6
262441,132887.3
262213.8,132807.5
262003.8,132747.6
261813.3,132683.4
261610,132624
261388.3,132549.8
261205,132483
260990.1,132428.1
260770,132364.9
260575.3,132300.4
260391.6,132249
260189,132185.8
260028.9,132126.4
259820.5,132066
259626.6,132009.6
259449.3,131957.5
259260.9,131891.9
259077.6,131841.3
258882.5,131777.3
258693.4,131714.8
258519,131644.9
258362.8,131601.3
258159,131543.8
257987,131477.9
257803.1,131423.5
257641.3,131362.4
257478.1,131323.3
257316.8,131273.1
257138.9,131206.3
256976.1,131147.6
256778.9,131094.4
256624.6,131056.5
256458.1,130986.7
256263.3,130953
256126,130907.7
255970,130840.9
255804.1,130780.3
255632.8,130724.6
255490.5,130680.8
255329,130639.3
255169.6,130591.6
255019.4,130538.4
254880.8,130478.9
254710.8,130437.8
254545.6,130381.4
254417.9,130355.2
254270.8,130304.5
254104.9,130255.4
253957,130201.3
253825.9,130168.1
253659.4,130110.3
253519.4,130062.1
253373.6,130024.2
253251,129978.9
253080.8,129938.2
252946.9,129883.1
252814,129840.1
252688,129784.6
252523.9,129736.2
252400.3,129704.5
252248,129671.5
252125.6,129636.1
252007.1,129591.4
251863.4,129550.3
251733,129516.5
251592.6,129453.3
251481.6,129417.8
251350.8,129375.5
251220.8,129323.9
251078,129283.5
250952.4,129260.2
250838.5,129202.5
250691.8,129167.1
250586.9,129121.9
250456.8,129092.4
250329.4,129056
250187.6,129019.1
250087.5,128988.8
249959.8,128941.6
249840.3,128906.1
249711.9,128863.1
249597.8,128828.5
249473.4,128802.1
249390.6,128758
249271.8,128721.6
249154.6,128675.1
249055.9,128640
248945.5,128612.8
248847,128582.9
248712.5,128544.4
248604.5,128508.7
248489.5,128473.3
248377,128436.6
248252,128386.4
248159.4,128365.9
248054.1,128341.4
247944.9,128301.3
247837.9,128268.1
247739.8,128238.4
247640.4,128203.3
247530,128170.8
247434.3,128140.1
247354.9,128099.8
247221,128067.3
247136.6,128031
247040.3,128001
246935.6,127971.9
246806.3,127934.9
246724.8,127900.7
246633.9,127868.7
246544,127839.8
246446.9,127816.6
246349.5,127798.2
246240.8,127769.8
246162.1,127730.9
246068.1,127701.9
245971.8,127676.6
245883.9,127641.7
245795,127624.1
245703.4,127590.9
245580.4,127552.9
245485.4,127524.3
245405.6,127499.6
245318.5,127470.9
245238.8,127434.1
245134.9,127402.1
245067.1,127392.4
244981.6,127361.2
244892,127325.8
244790.9,127295.9
244715.3,127271.9
244627.8,127249.5
244519.4,127211.7
244459.9,127199.9
244376.4,127171.5
244277.3,127123.9
244214.6,127105.4
244126.4,127096.2
244055.5,127066.1
243974.1,127032.2
243893.1,127012.6
243810,126982.9
243707.8,126963.6
243651.6,126938.7
243555.3,126909.6
243489.1,126886.8
243407,126850.4
243322.9,126824.8
243255.1,126796.3
243169.3,126773.8
243083.5,126750
243021.9,126734.8
242944.5,126712
242865.1,126694.3
242815.8,126672.2
242730.3,126650
242635.9,126617.2
242568.5,126590.4
242515.4,126576.4
242459.5,126540.2
242362.8,126520.4
242302.5,126502.2
242215,126486.4
242135.6,126466.4
242059,126434.1
241992.3,126420.1
241932.9,126400.5
241865.5,126372.8
241819.5,126354.6
241728.6,126333.9
241651.3,126298.9
241581.4,126284.6
241509.9,126267.6
241461.3,126238.1
241402.3,126209.1
241347.1,126208.3
241273.5,126188.3
241203,126164.2
241147.5,126137.4
241102.3,126131.3
241023.5,126100.8
240949.6,126082.9
240903,126057.1
240839.6,126033.4
240770.1,126015.7
240722.5,125988.6
240666.9,125978.7
240609,125957.3
240546.8,125939.7
240503.8,125924.7
240429.5,125896.8
240359.4,125886.8
240288.1,125867
240225.1,125859.8
240174.4,125844.5
240107.4,125818.4
240070.9,125806.2
240008.3,125789.7
239943.9,125765.8
239903.6,125737.9
239828.8,125730.6
239790.6,125718.1
239733.6,125696.4
239688.8,125682.6
239630.9,125655.8
239545.6,125636.9
239485.8,125623.4
239479.6,125605.4
239408.4,125587.7
239346.8,125563
239313,125556.9
239254.1,125535.1
239179.9,125525.7
239139.6,125511.6
239112.1,125493.7
239038.5,125484.1
238979.6,125464.6
238936,125440.2
238874,125413.5
238806.6,125401.8
238766.4,125383.7
238724.1,125374.5
238697.3,125349.1
238655,125329
238603.9,125322.2
238511,125298.2
238465.3,125288
238419,125275.7
238371.3,125268.4
238331.5,125253.6
238280.4,125230.6
238225.3,125212.9
238185.6,125198.8
238128.1,125181.4
238077.8,125174.1
238042,125162.6
238011.3,125144.8
237937.4,125128.4
237913.5,125116.1
237856.4,125111.7
237831.8,125095.2
237779.4,125079.6
237732.6,125068.4
237692.5,125045.1
237653,125017.6
237600.5,125004.9
237569.3,125011.6
237496.3,124999
237470.1,124974.1
237431.3,124970.6
237394.8,124948.6
237325.6,124924.8
237295.8,124908.9
237255.9,124892.7
237188.8,124869.9
237140.8,124863.3
237127.1,124860.5
237075,124836
237033.8,124830.6
237005.5,124821.5
236944.5,124806.9
236890.4,124783.4
236848.1,124766.2
236818.5,124763.6
236805.9,124762.4
236742.5,124752.8
236701.8,124736.2
236684,124729.6
236632.3,124709.4
236595.1,124699.6
236567.1,124688.9
236513.6,124666.6
236474.1,124668.6
236440.1,124657.9
236398.5,124638.6
236357.8,124621.3
236306.3,124601.1
236286.1,124601.1
236258.6,124597.4
236214.6,124574.8
236174.8,124560.9
236150.3,124541.4
236114.1,124526.8
236047,124521.1
236025.9,124515.3
236003.5,124504.3
235972.8,124493.5
235926.1,124475.5
235883.6,124468.3
235831.1,124461.7
235782.8,124437.5
235745.6,124442.3
235728.6,124427.4
235693.1,124414.3
235651.6,124403.6
235620.6,124390
235585.9,124386.1
235555.6,124379.3
235542.6,124369.4
235497.6,124353.2
235446.6,124344.9
235426.9,124330.8
235401.6,124321.9
235377.1,124308.6
235331.5,124294.6
235318.1,124294.6
235293,124276.1
235261.3,124259.4
235206.8,124246.8
235195.5,124244.9
235157.4,124225.8
235093.8,124213.9
235090,124210.5
235047.4,124208.9
235006.5,124200.8
234986.4,124207.8
234960.3,124192.4
234910.1,124166.6
234877.1,124151.1
234864.1,124149.2
234845.1,124146.1
234791.6,124130.4
234798.8,124120.4
234763.6,124105.4
234715,124108.1
234687.8,124087.7
234659.1,124089.8
234634.6,124077
234614.1,124074.3
234575.6,124056.1
234531.4,124042.6
234493.3,124035.9
234461.6,124025.1
234443.9,124031
234404.4,124007.5
234360.8,124010.8
234334.9,123998.6
234318.1,123990.1
234285.9,123955.9
234254.1,123940.1
234252.8,123952.6
234233.4,123948.8
234215.4,123945.2
234161.9,123932.6
234131.9,123924.4
234087.3,123914.9
234057.6,123905.3
234040.6,123894.9
234033.4,123885.4
234000.8,123864.9
233980.6,123853.4
233952,123863.9
233933,123853
233890,123846.1
233857,123841.6
233846.5,123828
233834.9,123822.9
233804.3,123806.9
233776,123807.1
233750.8,123793.3
233708.1,123789.3
233693.1,123770.3
233663.5,123768.6
233622,123765.1
233608.4,123746.9
233592.8,123754.9
233571.9,123739.8
233534.5,123733
233506.5,123719
233482.4,123718.8
233462.6,123715.4
233450.6,123701.8
233420,123684.4
233397.3,123685.8
233373,123672.4
233343,123664.2
233328.8,123668.9
233317.5,123661.6
233279.8,123652.6
233257.5,123648.5
233231,123641.2
233197.6,123626
233193.3,123614.6
233164.9,123608.5
233157.8,123602.7
233121.4,123589.4
233080.1,123574.6
233047,123570.2
233012.6,123568.6
233026.3,123572.4
232991.5,123563.4
232964.3,123546.2
232941.9,123545.4
232942.5,123546.3
232905.8,123535.3
232889.8,123531
232873,123520.1
232859.4,123513.3
232821.6,123504.1
232793,123492.2
232785.5,123496.6
232744.6,123486.4
232718.4,123480.6
232708.9,123462.4
232700.6,123463.1
232689.8,123454.4
232655,123457.9
232658.8,123442.1
232631.9,123435.8
232590,123425.3
232575.4,123427.9
232561.8,123423.6
232546,123422.9
232525.3,123408.4
232515.8,123410.6
232504.9,123408.1
232490.9,123391.9
232452.4,123381.3
232416,123370.4
232428.5,123377.6
232384.6,123377.9
232367.3,123356.4
232346.5,123373.6
232329.4,123355.1
232315.5,123350.1
232294.4,123351.5
232290.3,123333.8
232271.5,123331.4
232231.6,123328.3
232222.1,123323.6
232182.6,123304
232174.1,123300.1
232179.3,123298.7
232144.9,123293.3
232129.9,123290.6
232108.4,123283.6
232088.3,123275.1
232068.9,123262.9
232046.8,123263.3
232060.8,123257.8
232035.5,123249.3
232024.9,123238.6
232000.4,123227.9
231980.6,123233.5
231932.3,123218.7
231917,123215.4
231896.3,123216.9
231897.5,123206.6
231874.8,123203.7
231872.8,123208.4
231842.8,123201.4
231828.4,123179.8
231814.8,123173.7
231814.1,123177.6
231796,123180.4
231781.8,123164.3
231745.3,123165
231708.5,123150.9
231690.1,123151.1
231699.6,123147.3
231679.6,123148.7
231670.8,123130.4
231664.3,123133
231644.5,123123.1
231602.3,123121.9
231593,123119.4
231580.1,123110.5
231575.4,123110.7
231542.3,123104.6
231529.4,123104.4
231508.6,123093
231487.8,123073.6
231478.3,123070.2
231482.4,123069.6
231464.6,123073.9
231439.5,123077.8
231417,123065.8
231386.4,123062.5
231398.9,123072.2
231359,123046.5
231357.8,123038.3
231341.8,123036.3
231336.3,123025.2
231320.6,123034.3
231295.8,123021.8
231272.3,123013.4
231266.1,123017
231234.1,123012.1
231242.6,123007.8
231227.9,122991
231221.8,123008.9
231203.1,122992.7
231174.8,122988.1
231160.5,122979.8
231140.8,122976.5
231129.1,122973.4
231131.3,122970.6
231097.1,122965.6
231075.8,122953.9
231058.4,122957.4
231052.1,122956.4
231040.3,122943.1
231027,122933.1
231031.1,122931
231014.4,122931.9
231007.3,122925.1
230979,122914.7
230972.9,122912.6
230948.6,122911.9
230941.1,122918.1
230934.4,122908.8
230916,122899.5
230903.4,122902.9
230893.5,122898
230877.5,122887.3
230861.1,122884.7
230861.8,122874.3
230829.1,122859.2
230824,122858.5
230807.3,122862.8
230799.1,122861.1
230783.5,122852
230765.1,122852.5
230748.8,122852.7
230752.8,122842
230752.8,122854.6
230747,122846.9
230718.4,122839.1
230686,122826.1
230695.9,122828.9
230667.6,122827.8
230674.1,122827.1
230662.5,122814.9
230632.3,122806.6
230619,122809.1
230599.9,122807.3
230587.6,122792.3
230578.1,122794.6
230586.6,122786.1
230561.8,122787.8
230548.8,122785.4
230534.1,122777.9
230495.6,122768.9
230515,122773
230505.5,122755.3
230510,122765.2
230500.8,122764.1
230483.8,122754.1
230459.3,122748.3
230450.4,122743
230436.4,122747.8
230421.4,122742.2
230411.5,122732.4
230402,122732.6
230382.3,122728.1
230375.1,122716.1
230378.1,122713.8
230346.8,122710.5
230343,122716.9
230339,122704.2
230326.4,122713.4
230315.5,122709.6
230281.8,122702
230264.8,122681.2
230258.3,122684.8
230263.8,122682.6
230263.8,122694.3
230257.3,122689.4
230225.9,122675.9
230221.1,122674.1
230195.9,122673.9
230188.1,122672.7
230183.6,122668.3
230166.6,122670.1
230155.4,122660.8
230145.1,122652.3
230150.3,122652.9
230116.6,122637.9
230104.6,122652.8
230111.1,122648.3
230105,122651.8
230093.4,122634.9
230087.3,122639.8
230076.8,122628.4
230042.3,122627.2
230041.3,122628.3
230034.5,122628.8
230042.3,122626.2
230017.8,122618
229986.1,122612.8
229995.3,122604.3
229968.8,122597.3
229978.3,122608.5
229980,122592.1
229969.1,122593.7
229947.3,122592.5
229940.5,122584.8
229920.8,122575.4
229904.8,122575.9
229891.4,122566.9
229886.4,122565.3
229885,122563.2
229862.5,122568.3
229857.4,122567.1
229855.6,122561.7
229861.1,122572.2
229832.9,122566.9
229810,122557.4
229830.1,122555.5
229810.8,122547.4
229797.1,122554.2
229791.3,122547.9
229767.1,122545.5
229755.3,122528.1
229751.1,122534.3
229763.4,122537
229741.3,122524.2
229752.5,122526.1
229734.8,122512.9
229714.6,122504.4
229696.3,122500.4
229700.8,122495.6
229718.1,122503.4
229680.6,122502.8
229695.6,122493.1
229675.5,122496.6
229642.8,122487.8
229632.6,122486.4
229642.1,122487.3
229647.9,122490.5
229626.8,122485
229624,122476
229612.9,122478.2
229582.9,122482.6
229566.1,122486.8
229580.8,122485
229584.9,122480.9
229531.4,122468.3
229550.1,122461.2
229537.5,122455.1
229516.8,122456.6
229508.6,122472.9
229507.3,122461.7
229495,122458.9
229487.9,122444
229489.5,122461.7
229489.9,122447.1
229471.1,122447.9
229476.3,122446.4
229462.3,122448.1
229440.5,122438.6
229444.6,122432.8
229442.1,122430.2
229421.8,122431.9
229384.3,122422
229396.3,122417.6
229394.9,122421.7
229405.4,122416.6
229402,122416.1
229369.6,122418.1
229356.8,122415.2
229343.4,122396.8
229356.4,122399.9
229327.4,122400.8
229340.6,122400.6
229318.9,122385.9
229307.6,122395.6
229298.1,122386.8
229282.5,122385.4
229288.9,122375.7
229259.3,122390.5
229279.8,122377.9
229269.9,122376.7
229280,122381.5
229227.6,122382.8
229250.4,122379.9
229213,122371.3
229230.4,122371.1
229219.4,122368.7
229239.9,122362.6
229200.4,122369.2
229206.5,122359
229203.4,122345.1
229200.8,122339.8
229184.8,122351.7
229174.8,122353.1
229147.6,122350.1
229154.4,122344.2
229143.1,122344
229129.9,122340.3
229135,122337.9
229139.4,122344.9
229137.4,122333.3
229127.1,122328.9
229111.1,122331.1
229103.3,122334.8
229125.8,122325.9
229097.9,122314.1
229086.3,122316.3
229102.3,122320.3
229081.5,122316.8
229046.8,122315.8
229032.4,122313.9
229037.3,122306.2
229028.4,122305.5
229027.6,122312.2
229027.6,122310.1
229004.5,122295.5
229020.1,122292.9
229018.1,122291.1
228988.1,122296.5
228976.3,122294.8
228980.4,122286.6
228989.9,122287.8
228993.3,122274.2
228955.5,122278.8
228944.6,122280.8
228930.3,122271.1
228933.4,122267.2
228943.9,122269.3
228918,122270.9
228911.1,122264.3
228914.9,122265.5
228900.3,122251.4
228863.9,122258.5
228850.5,122246.1
228852.3,122250.4
228893.8,122265.9
228887.8,122259.1
228875.8,122253.4
228866.6,122248.1
228857.8,122240.8
228815.5,122232.3
228831.1,122246.4
228847.5,122248.5
228863.5,122246.6
228842.4,122241.7
228812.4,122228.4
228803.9,122234.3
228776.3,122215.8
228767.5,122216.4
228762.6,122228.6
228767.5,122234.5
228774.6,122224.1
228773.3,122222.4
228767.1,122211.5
228736.8,122193.3
228737.1,122197.8
228758.6,122207.9
228730.4,122213.9
228735.1,122204.6
228729.6,122207.8
228736.8,122210
228697,122203
228729,122201.1
228730.6,122206.4
228691.1,122201.1
228697.3,122192.1
228704.1,122186.6
228697.6,122198.3
228654.8,122190.3
228670.8,122198.4
228647.9,122200.9
228639,122195.9
228635.6,122180.9
228640.1,122189.4
228641.4,122186.3
228614.9,122167.6
228625.1,122180.2
228634.6,122180.2
228620.4,122190.6
228589.6,122167.3
228597.9,122171.2
228594.1,122160.3
228565.9,122148.7
228579.8,122158.4
228577.1,122157
228585.9,122147
228588.6,122148.2
228568.9,122148.3
228551.5,122146.6
228528.8,122137.4
228550.1,122145.4
228524.6,122143.8
228526.6,122142.7
228529.4,122144.1
228513.4,122131.8
228527,122126.2
228506.9,122128.3
228515.8,122137.4
228523.6,122129.9
228504.9,122133.4
228515.1,122141.4
228488.9,122127.9
228494.3,122128.4
228450.8,122122.6
228465.4,122134.6
228468.1,122129.1
228439.8,122131
228467,122132.9
228444.6,122120.9
228433.4,122116.5
228430.6,122114.3
228434.4,122100.8
228447.6,122111.6
228406.8,122125.7
228416.6,122122.3
228413.3,122110.2
228414.6,122105.1
228403.8,122103.1
228365.5,122093.2
228380.5,122092
228390.4,122093.7
228388.8,122094.5
228348.9,122101.9
228369,122096.6
228376.1,122084.1
228377.8,122086.5
228364.1,122083.3
228349.5,122085
228343.1,122077.3
228342,122071.6
228335.9,122081.9
228319.3,122071.6
228326,122071.2
228320.9,122080.8
228297.4,122080.8
228316.1,122080.6
228294,122063.9
228287.3,122061.8
228287.3,122053.3
228282.5,122061
228262,122067.9
228280,122069.8
228285.5,122060.8
228256.5,122054.2
228268.5,122048.9
228239.5,122048.6
228248.8,122047.4
228241.9,122046.5
228251.1,122048.9
228241.3,122054.3
228235.8,122050.3
228228.3,122048.2
228216.8,122045.6
228210.6,122036.4
228203.8,122040.7
228209.5,122039.2
228222.5,122024.6
228205.1,122034.6
228220.1,122040.1
228168.4,122041.9
228210.3,122028.8
228199.4,122039.2
228166,122030.3
228159.1,122030.8
228178.9,122030.8
228176.9,122033.9
228153.4,122032.6
228125.8,122029.6
228147.5,122028.6
228154.8,122034.4
228140.8,122036.6
228157.5,122019.9
228127.1,122015.9
228101.3,122000
228126.8,122014
228133.6,122018.6
228108.4,122008.5
228117.9,122012.3
228112.1,122013.8
228101.3,122015.3
228099.9,122011.6
228097.1,122005.6
228082.1,122007.3
228079.8,122001.2
228063.8,122004.1
228072.6,121995.6
228073,121998.1
228069.9,121992.9
228075.8,121998.8
228083.3,122000.2
228095.8,121997.4
228054.9,122003.1
228031.8,121996.9
228038.9,121980.3
228042,121991.5
228028.4,121984.3
228021.9,121992.7
228056.3,122007.5
228012.4,121994.3
